time	exchangerate	koreastockIndex	fixeddepositrate	housingloan	avrsellingpriceapt	avrunitpriceapt
'13.06	1149.70 	1884.41 	2.63 	399763.60 	249330.00 	3055.00 
'13.07	1113.60 	1871.77 	2.60 	399803.10 	248705.00 	3049.00 
'13.08	1110.90 	1896.96 	2.60 	400943.60 	248058.00 	3042.00 
'13.09	1075.60 	1984.39 	2.61 	401572.20 	248189.00 	3046.00 
'13.10	1061.40 	2029.68 	2.59 	403757.60 	249144.00 	3060.00 
'13.11	1062.10 	2009.92 	2.58 	406464.00 	249657.00 	3068.00 
'13.12	1055.30 	1988.33 	2.66 	410177.20 	250066.00 	3074.00 
'14.01	1079.20 	1948.22 	2.63 	409978.80 	252332.00 	3104.00 
'14.02	1067.70 	1937.73 	2.62 	411749.80 	253063.00 	3114.00 
'14.03	1068.80 	1952.43 	2.58 	413961.00 	253977.00 	3127.00 
'14.04	1031.70 	1991.19 	2.58 	417289.40 	254180.00 	3130.00 
'14.05	1021.60 	1994.13 	2.57 	419764.50 	254179.00 	3131.00 
'14.06	1014.40 	1995.08 	2.55 	423608.40 	254207.00 	3132.00 
'14.07	1024.30 	2021.95 	2.47 	427356.90 	254273.00 	3133.00 
'14.08	1013.60 	2060.93 	2.35 	432501.50 	254646.00 	3139.00 
'14.09	1050.60 	2042.71 	2.27 	436656.40 	255658.00 	3153.00 
'14.10	1054.00 	1942.80 	2.17 	442106.60 	256639.00 	3166.00 
'14.11	1101.10 	1959.65 	2.10 	447030.30 	257252.00 	3174.00 
'14.12	1099.20 	1941.93 	2.16 	452031.30 	257685.00 	3179.00 
'15.01	1090.80 	1920.99 	2.08 	453264.00 	256960.00 	3170.00 
'15.02	1099.20 	1961.00 	2.02 	457004.10 	257770.00 	3181.00 
'15.03	1105.00 	2012.62 	1.90 	460982.40 	258966.00 	3196.00 
'15.04	1068.10 	2107.27 	1.76 	468824.00 	260724.00 	3219.00 
'15.05	1108.00 	2114.90 	1.73 	469218.00 	262134.00 	3238.00 
'15.06	1124.10 	2063.69 	1.65 	457614.50 	263642.00 	3258.00 
'15.07	1166.30 	2058.03 	1.54 	458250.00 	274990.00 	3399.00 
'15.08	1176.30 	1952.55 	1.52 	464677.10 	276080.00 	3413.00 
'15.09	1194.50 	1939.58 	1.51 	470243.00 	277359.00 	3430.00 
'15.10	1142.30 	2020.57 	1.56 	477560.60 	278709.00 	3448.00 
'15.11	1150.40 	2006.78 	1.64 	482916.40 	279746.00 	3458.00 
'15.12	1172.00 	1971.53 	1.72 	490826.10 	280443.00 	3467.00 
'16.01	1208.40 	1894.65 	1.63 	492905.10 	280494.00 	3468.00 
'16.02	1235.40 	1900.61 	1.56 	494445.90 	280335.00 	3465.00 
'16.03	1153.50 	1976.50 	1.54 	498294.20 	280234.00 	3463.00 
'16.04	1143.90 	1996.17 	1.54 	503768.80 	280278.00 	3464.00 
'16.05	1190.60 	1966.68 	1.53 	509365.10 	280468.00 	3467.00 
'16.06	1164.70 	1977.03 	1.43 	515249.60 	280692.00 	3469.00 
'16.07	1125.70 	2002.48 	1.31 	521200.50 	281061.00 	3474.00 
'16.08	1118.50 	2036.66 	1.30 	527287.50 	281537.00 	3480.00 
'16.09	1096.30 	2042.56 	1.33 	530809.00 	281340.00 	3481.00 
'16.10	1145.20 	2036.03 	1.39 	536140.40 	282377.00 	3494.00 
'16.11	1168.50 	1981.75 	1.49 	542494.00 	283165.00 	3504.00 
'16.12	1208.50 	2021.67 	1.54 	545839.60 	283287.00 	3506.00 
'17.01	1157.80 	2061.73 	1.47 	545880.70 	283255.00 	3506.00 
'17.02	1132.10 	2082.80 	1.44 	547746.00 	283334.00 	3508.00 
'17.03	1116.10 	2136.17 	1.45 	550692.50 	283908.00 	3513.00 
'17.04	1130.10 	2160.18 	1.43 	553204.10 	284256.00 	3518.00 
'17.05	1123.90 	2301.89 	1.43 	556528.90 	284784.00 	3525.00 
'17.06	1139.60 	2372.20 	1.46 	560141.50 	286026.00 	3540.00 
'17.07	1119.10 	2412.90 	1.43 	563446.40 	286673.00 	3549.00 
'17.08	1122.80 	2372.18 	1.45 	566589.70 	287768.00 	3563.00 
'17.09	1146.70 	2371.84 	1.49 	570079.20 	287993.00 	3566.00 
'17.10	1125.00 	2482.87 	1.59 	572997.60 	288461.00 	3572.00 
'17.11	1082.40 	2533.51 	1.74 	575798.60 	289072.00 	3579.00 
'17.12	1071.40 	2467.73 	1.78 	578312.90 	313552.00 	3933.00 
'18.01	1071.50 	2520.94 	1.76 	579043.60 	315961.00 	3960.00 
'18.02	1071.00 	2439.10 	1.75 	580327.00 	318503.00 	3989.00 
'18.03	1066.50 	2451.57 	1.80 	582392.90 	319757.00 	4003.00 
'18.04	1076.20 	2458.22 	1.78 	583879.70 	320248.00 	4008.00 
'18.05	1081.30 	2461.30 	1.81 	585506.00 	320271.00 	4007.00 
'18.06	1121.70 	2394.51 	1.83 	587660.80 	320157.00 	4004.00 
'18.07	1116.70 	2284.25 	1.79 	589421.20 	320135.00 	4004.00 
'18.08	1108.80 	2283.80 	1.78 	592145.60 	320944.00 	4012.00 
'18.09	1112.70 	2307.33 	1.82 	594816.20 	323915.00 	4047.00 
'18.10	1140.60 	2153.48 	1.90 	597077.50 	325205.00 	4062.00 
'18.11	1121.80 	2083.33 	1.95 	601108.90 	325441.00 	4064.00 
'18.12	1118.10 	2070.13 	2.05 	604487.70 	325014.00 	4058.00 
'19.01	1117.20 	2101.98 	2.01 	605242.90 	349426.00 	4340.00 
'19.02	1117.80 	2210.20 	1.91 	606385.00 	348312.00 	4326.00 
'19.03	1137.80 	2161.91 	1.93 	608003.80 	347165.00 	4310.00 
'19.04	1158.20 	2212.12 	1.86 	610359.10 	345809.00 	4292.00 
'19.05	1190.00 	2086.90 	1.85 	612316.80 	344891.00 	4280.00 
'19.06	1156.80 	2086.90 	1.79 	614818.20 	344322.00 	4272.00 
'19.07	1182.00 	2079.48 	1.70 	618163.60 	344195.00 	4270.00 
'19.08	1215.20 	1944.24 	1.53 	622183.70 	344332.00 	4270.00 
'19.09	1201.30 	2045.21 	1.57 	625423.30 	344798.00 	4275.00 
'19.10	1168.40 	2065.75 	1.54 	629655.50 	346156.00 	4291.00 
'19.11	1179.30 	2128.79 	1.62 	633098.00 	348031.00 	4313.00 
'19.12	1157.80 	2147.01 	1.59 	633745.40 	351787.00 	4358.00 
'20.01	1183.50 	2203.44 	1.53 	634283.00 	366793.00 	4585.00 
'20.02	1215.90 	2167.12 	1.41 	635282.90 	368783.00 	4609.00 
'20.03	1222.60 	1786.75 	1.26 	639598.10 	372016.00 	4650.00 
'20.04	1225.20 	1849.59 	1.22 	644393.00 	373252.00 	4666.00 
'20.05	1239.40 	1965.17 	1.07 	646587.40 	373608.00 	4670.00 
'20.06	1200.70 	2134.70 	0.88 	648637.70 	375821.00 	4697.00 